1111111111111111111111111111111111111111111111111111111111111111111
1010000000000001100001011011000000101110000000001100000101110001001
1111000111101011111011001000110011001010001000000000010001110101001
1000000110000101001001001000100000110000100100010001110110001001001
1110000101011001011101010000001100110010110010000000000000001100001
1000010010000010101010001000101000100011000001000010010001000101001
1010110001000101100001000111101000010000100010010100000000000010101
1000100000101011000000001000010010000000100000000000000100100101001
1110000000100001011010100000111000101000000100000100110000000000111
1000011001000011110000101001011110001001101001001111000100010010011
1001000000000001000001010001010010000100010000000000100001010000001
1110110101100001101100000101100010001000011101000100010000000100001
1000010000011110000000001010000001100011001000110001011010000010001
1001001000001101001000001001101010110011000000000001001100010000001
1101000001110010000010110000110000100000000010010000011101001000001
1000000010100100100000101001100010001000010010011011010011011000011
1000100101100000001100100000100101010001000001000110000000000010011
1010100010001010000000100111000100000101000100001100100001000011111
1100100000100111110100000100001010010011101100010000111000011011001
1001000110101101101000000110000011000101100000000000110011100000001
1000110010100010111010000010000000001000010000110010001100010011101
1010011100100100100010110011000101111101000000001110100100000010001
1000101100001100100000001000110000100100100110010100011001000010011
1000100011100010000110001001100000000011010100100100000000010000011
1000000011000000011000100010110100010010101011001110010100101110101
1010000110011000000011011000010001011000010100001000010110000000011
1101000000101010100101000000000000100000010000010110000110100000001
1101000101100100100101101110101010011100101110000001010000001001001
1010111010001111000000001010001000011000101001100000000111100011001
1001001100010000100101000110100100110000100010001100000000100011101
1000011000001000101001001110100000010001001000000010000111000000001
1000000000101000001010101000100001011001100100000001111001010000001
1010001000100010000100001100100010001010010000010111010000110110011
1010100000001001000010011110001010001000100010110000010011001010011
1000010001000001011000010101010100000010000100010001011000011000101
1000000010010000000011000000010011000110010000011100110100000000001
1010110010000010000000100010011000010100011010000000011000001111011
1001000001010000001010100100010001011000011100000101000110100000001
1110100001001100010010010110010001001111010110101010001100000101111
1010001110101001001101111100010000101000000001101000111110011100001
1100110011000000000000100110000010000001000011100000010010000100111
1100100000010100110000000100001001011011010100110000101011001010001
1010101110110001000010001000110010000000000110110101000000000000011
1101111011100010100100100001000000010111000000100001011110010011011
1000100110100001110110010000001001001000001100000000001001100100001
1000011101011000001111000000001011010100010000111000001111001000001
1000101001100000111011101000100001000000000100000010100000000000001
1001100001010010010000101100001000010101000000011001001000001000101
1000110000010010101000110000100000000000101100001000100000001010001
1110011000000011011100001110100011100010010000001000101100010110101
1100100101001000110000111011110110110101000011100110010110011010001
1011011000000100100001110010000110000001000001111000001000111010101
1010001100010011000011001110100100100011000010010001110101100000011
1101100011100010010110010100000001000010001011000000010000000000001
1000001110000001011010000010010000100001011010011001000110000011111
1000101010101111000001001000001001010001100000000000011000100011101
1000010101100100000001010010011010000001010110000010100001000000001
1011100000001011010010011000010011011000010111100111000110111011101
1100011001010010001011000100001010010000100000000000100000001001001
1110110010010000000000000000011001100011011001001001110010010100011
1101100101011001011010000001000010000010010000001010100000100000001
1100010001110001001110001010110010010010100110011010011011000110001
1000000010001000000110101011000100010010110011000100001101100000011
1101000010011111000001110010010011010011001001000000010000110011001
1100011001010010100000000001100001000000000000010010000001000001001
1000000100001110111100001100000000000100000000100100000101100000101
1100010010000100000000001011000101000010100000100100000011110011111
1011000100000010010001011000000010100001110010101001010011100001001
1110111000000010101000001000001101000101001101010100000110110001011
1000000100001000010001110100000101111010000010001011010000010001101
1000000101110010101010000000010011100100010000011000000010011001001
1001011010011100001011001100100100000010010000000010010010001010111
1110001100000010010110000000010011011000100001110111001000001001001
1100010010010010001100000000101100100000100110001100010000000100001
1101011100100010010110111001000010100000000001000000010101010101011
1010110011100000010010010110000000000001001000010101101100110010001
1000001000000100000110000000000001000010001010101110100000100011101
1100100001110000010101111010000100010000000001010000000000000000101
1000110010100001000100001100100000000001100101000000110000100101101
1010000000010100001010100001011000000001100000100000000100101100101
1111100010100011010100100000011001010000000000001101110101000101001
1110000000001001010011001010000000001100010111101001000000000000101
1100010011111000001111001000000000100001000000000111000001001010101
1110000011110001000000011000100001000010001000101101000000100110001
1100000001100010010001000000000100010000110000110110010001000100111
1101000011000010100000110000101000111010100111000110010000110110001
1000011001001110001000010000011100001001010010110001001001010011011
1010001001010000001011100101110000011100000000001000110100101101001
1101000111000001011011000000001000101000110001000100011000000110101
1000101111111100000010000100000001100011001010000110000100011000001
1000011101010111011000010000110011001100010000000000000001101110001
1000010010011101010010000100001010010010000100000000010100001001011
1100010111100110000010000110111110010000001011100100010000100111011
1110001000010100101010100000001000110110100000000000000101110000001
1100011000100011000000001000010001100100000101100111100100110000111
1000000000010110010101000001101000010101010101000100101000000001101
1000011000110010010010000010011001111011000100010000000101010101001
1010010000001000000101100010011101010010000000110000000110000100101
1111111111111111111111111111111111111111111111111111111111111111111
